12
24
8
6
1
1
1
2
1
3
1
4
1
5
1
6
1
7
1
16
1
17
1
21
1
24
2
1
2
7
2
11
2
14
2
16
2
17
2
19
2
21
3
1
3
3
3
4
3
5
3
7
3
9
3
13
3
14
3
17
3
19
3
21
4
1
4
11
4
13
4
17
4
19
4
21
4
22
5
1
5
2
5
3
5
4
5
6
5
8
5
9
5
10
5
13
5
19
5
21
6
4
6
10
6
12
6
13
6
14
6
21
7
2
7
3
7
4
7
7
7
8
7
16
7
17
7
18
7
19
7
24
8
4
8
11
8
13
8
14
8
15
8
19
8
21
8
22
9
4
9
6
9
7
9
8
9
11
9
17
9
23
10
7
10
10
10
11
10
12
10
16
10
17
10
18
10
19
10
20
10
23
11
3
11
5
11
9
11
10
11
14
11
16
11
20
12
3
12
14
12
18
12
22
0
0
6
3
9
1
8
11
6
4
4
12
23
1
22
5
14
9
13
10
15
1
20