12
21
6
11
1
5
1
20
1
21
2
2
2
5
2
7
2
8
2
9
2
13
2
18
2
21
3
7
3
11
3
15
3
16
3
18
3
19
3
20
3
21
4
1
4
3
4
4
4
5
4
6
4
7
4
9
4
10
4
11
4
12
4
13
4
14
4
15
4
16
4
18
5
1
5
3
5
9
5
15
5
16
5
18
5
20
6
3
6
5
6
8
6
9
6
13
7
2
7
3
7
8
7
9
7
13
7
16
7
17
7
19
8
2
8
3
8
4
8
5
8
6
8
8
8
9
8
10
8
11
8
12
8
13
8
14
8
15
8
16
8
17
8
20
9
4
9
11
9
16
9
17
9
18
9
20
10
4
10
9
10
13
10
14
10
20
11
2
11
3
11
4
11
5
11
6
11
7
11
8
11
9
11
13
11
14
11
18
11
19
11
20
12
11
12
16
0
0
2
20
7
2
4
4
19
7
15
9
3
9
5
10
10
11
12