12
18
2
16
1
1
1
10
1
11
1
15
1
16
1
17
2
1
2
4
2
5
2
6
2
7
2
8
2
11
2
13
2
17
3
1
3
2
3
4
3
5
3
11
3
15
3
16
3
17
4
1
4
4
4
5
4
7
4
8
4
9
4
10
4
11
4
12
4
13
4
17
5
1
5
3
5
4
5
5
5
8
5
14
5
15
5
17
6
1
6
6
6
10
6
11
6
12
6
14
6
15
7
1
7
2
7
3
7
4
7
7
7
8
7
9
7
14
7
15
7
16
8
1
8
2
8
3
8
4
8
5
8
7
8
8
8
11
8
14
9
7
9
8
9
10
9
11
9
14
9
16
10
2
10
3
10
4
10
7
10
8
10
18
11
3
11
4
11
5
11
6
11
7
11
8
11
9
11
10
11
11
11
12
11
13
11
14
11
15
11
17
11
18
12
1
12
17
12
18
0
0
1
18
5
2
10
3
13
8
13
8
17
10
6